9167,0,293,531,30
6066,1,360,538,30
4153,2,387,479,30
2837,3,279,465,30
8264,4,335,441,30
2505,5,235,437,30
7431,6,290,370,30
2921,7,372,380,30
6778,8,450,401,30
1135,9,465,493,30
8947,10,453,573,30
7505,11,387,597,30
3235,12,252,567,30
7230,13,303,605,30
7869,14,217,501,30
7183,15,347,332,30
3610,16,411,348,30
7880,17,535,446,30
2207,18,462,660,30
5564,19,175,589,30
Matrix
-1,0,-1,0,-1,-1,-1,-1,-1,-1,-1,-1,0,-1,-1,-1,-1,-1,-1,-1,
0,-1,0,-1,-1,-1,-1,-1,-1,-1,-1,0,-1,-1,-1,-1,-1,-1,-1,-1,
-1,0,-1,-1,0,-1,-1,-1,-1,0,-1,-1,-1,-1,-1,-1,-1,-1,-1,-1,
0,-1,-1,-1,0,0,-1,-1,-1,-1,-1,-1,-1,-1,-1,-1,-1,-1,-1,-1,
-1,-1,0,0,-1,-1,-1,0,-1,-1,-1,-1,-1,-1,-1,-1,-1,-1,-1,-1,
-1,-1,-1,0,-1,-1,0,-1,-1,-1,-1,-1,-1,-1,0,-1,-1,-1,-1,-1,
-1,-1,-1,-1,-1,0,-1,0,-1,-1,-1,-1,-1,-1,-1,0,-1,-1,-1,-1,
-1,-1,-1,-1,0,-1,0,-1,0,-1,-1,-1,-1,-1,-1,-1,-1,-1,-1,-1,
-1,-1,-1,-1,-1,-1,-1,0,-1,0,-1,-1,-1,-1,-1,-1,0,-1,-1,-1,
-1,-1,0,-1,-1,-1,-1,-1,0,-1,0,-1,-1,-1,-1,-1,-1,-1,-1,-1,
-1,-1,-1,-1,-1,-1,-1,-1,-1,0,-1,0,-1,-1,-1,-1,-1,0,-1,-1,
-1,0,-1,-1,-1,-1,-1,-1,-1,-1,0,-1,-1,0,-1,-1,-1,-1,-1,-1,
0,-1,-1,-1,-1,-1,-1,-1,-1,-1,-1,-1,-1,0,0,-1,-1,-1,-1,-1,
-1,-1,-1,-1,-1,-1,-1,-1,-1,-1,-1,0,0,-1,-1,-1,-1,-1,0,-1,
-1,-1,-1,-1,-1,0,-1,-1,-1,-1,-1,-1,0,-1,-1,-1,-1,-1,-1,0,
-1,-1,-1,-1,-1,-1,0,-1,-1,-1,-1,-1,-1,-1,-1,-1,0,-1,-1,0,
-1,-1,-1,-1,-1,-1,-1,-1,0,-1,-1,-1,-1,-1,-1,0,-1,0,-1,-1,
-1,-1,-1,-1,-1,-1,-1,-1,-1,-1,0,-1,-1,-1,-1,-1,0,-1,0,-1,
-1,-1,-1,-1,-1,-1,-1,-1,-1,-1,-1,-1,-1,0,-1,-1,-1,0,-1,0,
-1,-1,-1,-1,-1,-1,-1,-1,-1,-1,-1,-1,-1,-1,0,0,-1,-1,0,-1,
Edges
3,4,0
3,0,0
1,0,0
1,2,0
2,4,0
3,5,0
6,5,0
10,11,0
8,7,0
8,9,0
7,4,0
9,2,0
11,1,0
6,7,0
9,10,0
14,5,0
0,12,0
12,14,0
12,13,0
13,11,0
19,14,0
19,15,0
19,18,0
17,10,0
17,16,0
17,18,0
16,8,0
16,15,0
18,13,0
15,6,0
D_Edges
C_Edges
