9167,0,371,533,30
6066,1,462,529,30
4153,2,437,316,30
2837,3,268,417,30
8264,4,315,354,30
2505,5,211,328,30
7431,6,283,238,30
2921,7,396,265,30
6778,8,561,234,30
1135,9,545,424,30
8947,10,576,542,30
7505,11,426,644,30
3235,12,257,632,30
7230,13,351,692,30
7869,14,197,525,30
7183,15,324,130,30
3610,16,485,133,30
2207,17,120,641,30
5564,18,139,331,30
4228,19,691,220,30
Matrix
-1,0,-1,0,-1,-1,-1,-1,-1,-1,-1,-1,0,-1,-1,-1,-1,-1,-1,-1,
0,-1,0,-1,-1,-1,-1,-1,-1,-1,-1,0,-1,-1,-1,-1,-1,-1,-1,-1,
-1,0,-1,-1,0,-1,-1,-1,-1,0,-1,-1,-1,-1,-1,-1,-1,-1,-1,-1,
0,-1,-1,-1,0,0,-1,-1,-1,-1,-1,-1,-1,-1,-1,-1,-1,-1,-1,-1,
-1,-1,0,0,-1,-1,-1,0,-1,-1,-1,-1,-1,-1,-1,-1,-1,-1,-1,-1,
-1,-1,-1,0,-1,-1,0,-1,-1,-1,-1,-1,-1,-1,0,-1,-1,-1,-1,-1,
-1,-1,-1,-1,-1,0,-1,0,-1,-1,-1,-1,-1,-1,-1,0,-1,-1,-1,-1,
-1,-1,-1,-1,0,-1,0,-1,0,-1,-1,-1,-1,-1,-1,-1,-1,-1,-1,-1,
-1,-1,-1,-1,-1,-1,-1,0,-1,0,-1,-1,-1,-1,-1,-1,0,-1,-1,-1,
-1,-1,0,-1,-1,-1,-1,-1,0,-1,0,-1,-1,-1,-1,-1,-1,-1,-1,-1,
-1,-1,-1,-1,-1,-1,-1,-1,-1,0,-1,0,-1,-1,-1,-1,-1,-1,-1,1,
-1,0,-1,-1,-1,-1,-1,-1,-1,-1,0,-1,-1,0,-1,-1,-1,-1,-1,-1,
0,-1,-1,-1,-1,-1,-1,-1,-1,-1,-1,-1,-1,0,0,-1,-1,-1,-1,-1,
-1,-1,-1,-1,-1,-1,-1,-1,-1,-1,-1,0,0,-1,-1,-1,-1,0,-1,-1,
-1,-1,-1,-1,-1,0,-1,-1,-1,-1,-1,-1,0,-1,-1,-1,-1,-1,0,-1,
-1,-1,-1,-1,-1,-1,0,-1,-1,-1,-1,-1,-1,-1,-1,-1,0,-1,0,-1,
-1,-1,-1,-1,-1,-1,-1,-1,0,-1,-1,-1,-1,-1,-1,0,-1,-1,-1,0,
-1,-1,-1,-1,-1,-1,-1,-1,-1,-1,-1,-1,-1,0,-1,-1,-1,-1,0,0,
-1,-1,-1,-1,-1,-1,-1,-1,-1,-1,-1,-1,-1,-1,0,0,-1,0,-1,-1,
-1,-1,-1,-1,-1,-1,-1,-1,-1,-1,1,-1,-1,-1,-1,-1,0,0,-1,-1,
Edges
3,4,0
3,0,0
1,0,0
1,2,0
2,4,0
3,5,0
6,5,0
10,11,0
8,7,0
8,9,0
7,4,0
9,2,0
11,1,0
6,7,0
9,10,0
14,5,0
0,12,0
12,14,0
12,13,0
13,11,0
18,14,0
18,15,0
18,17,0
16,8,0
16,15,0
17,13,0
15,6,0
19,16,0
19,17,0
19,10,1
D_Edges
C_Edges
